========== RAW PARSED ==========
Logger SN: KYH0F4201B
Device SN: EXH0F4303F
TIME: {"year":2026,"month":4,"day":11,"hour":10,"minute":3,"second":27}
SEGMENT COUNT: 5
SEGMENTS: [
  {
    "index": 0,
    "startReg": 0,
    "endReg": 124,
    "length": 125,
    "data": [
      152,
      6979,
      0,
      0,
      3997,
      3991,
      3986,
      50,
      56,
      49,
      61,
      76,
      3,
      3994,
      3991,
      3968,
      5002,
      0,
      36,
      65534,
      65501,
      5002,
      0,
      102,
      75,
      2290,
      1748,
      3580,
      0,
      0,
      320,
      370,
      520,
      0,
      0,
      0,
      330,
      0,
      10000,
      10000,
      10000,
      10000,
      0,
      0,
      0,
      0,
      3355,
      99,
      13,
      0,
      13,
      0,
      34,
      16,
      17,
      23,
      2294,
      2325,
      2296,
      220,
      0,
      0,
      0,
      0,
      0,
      0,
      0,
      34,
      5,
      60201,
      0,
      7595,
      6,
      21433,
      0,
      7147,
      41,
      31,
      0,
      0,
      0,
      5002,
      3,
      6071,
      0,
      606,
      0,
      15230,
      1836,
      3192,
      6,
      36192,
      0,
      7052,
      0,
      38,
      5,
      34758,
      0,
      3083,
      3136,
      3136,
      0,
      0,
      0,
      143,
      0,
      0,
      2,
      0,
      0,
      0,
      0,
      0,
      0,
      0,
      0,
      0,
      0,
      0,
      0,
      0,
      0,
      85,
      135
    ]
  },
  {
    "index": 1,
    "startReg": 125,
    "endReg": 249,
    "length": 125,
    "data": [
      83,
      0,
      0,
      0,
      35,
      0,
      0,
      0,
      0,
      0,
      0,
      0,
      0,
      0,
      0,
      390,
      0,
      0,
      1,
      0,
      0,
      0,
      0,
      0,
      0,
      0,
      0,
      0,
      0,
      0,
      0,
      0,
      0,
      0,
      0,
      0,
      0,
      0,
      0,
      0,
      0,
      0,
      258,
      514,
      1,
      258,
      8221,
      1538,
      3330,
      3436,
      3326,
      1,
      0,
      0,
      0,
      3,
      0,
      0,
      0,
      0,
      512,
      0,
      0,
      0,
      0,
      4,
      0,
      5,
      0,
      0,
      0,
      0,
      0,
      0,
      0,
      0,
      0,
      0,
      0,
      0,
      0,
      0,
      0,
      0,
      0,
      0,
      0,
      0,
      0,
      0,
      0,
      0,
      0,
      0,
      0,
      0,
      0,
      0,
      0,
      0,
      0,
      0,
      0,
      0,
      0,
      0,
      0,
      0,
      0,
      0,
      0,
      0,
      0,
      0,
      0,
      0,
      0,
      0,
      0,
      0,
      0,
      0,
      0,
      0,
      0
    ]
  },
  {
    "index": 2,
    "startReg": 250,
    "endReg": 299,
    "length": 50,
    "data": [
      0,
      0,
      65534,
      1,
      17645,
      1,
      0,
      0,
      0,
      0,
      0,
      0,
      0,
      0,
      0,
      0,
      0,
      0,
      0,
      0,
      21331,
      17232,
      24392,
      22367,
      22065,
      11825,
      11825,
      8224,
      8224,
      8224,
      18512,
      21297,
      12336,
      24370,
      13616,
      19272,
      22111,
      18518,
      13151,
      21334,
      12590,
      12590,
      12337,
      24385,
      20560,
      8224,
      8224,
      8224,
      8224,
      8224
    ]
  },
  {
    "index": 3,
    "startReg": 532,
    "endReg": 549,
    "length": 18,
    "data": [
      0,
      0,
      0,
      0,
      0,
      6660,
      2826,
      795,
      0,
      136,
      296,
      220,
      220,
      0,
      0,
      0,
      0,
      35505
    ]
  },
  {
    "index": 4,
    "startReg": 604,
    "endReg": 640,
    "length": 37,
    "data": [
      0,
      0,
      0,
      0,
      0,
      0,
      0,
      0,
      0,
      0,
      0,
      0,
      0,
      0,
      0,
      0,
      0,
      0,
      0,
      0,
      0,
      0,
      0,
      0,
      0,
      0,
      21331,
      17232,
      24392,
      22367,
      22065,
      11825,
      11825,
      8224,
      8224,
      8224,
      18512
    ]
  }
]

FULL PARSED DATA:
{
  "loggerSN": "KYH0F4201B",
  "deviceSN": "EXH0F4303F",
  "timestamp": "{\"year\":2026,\"month\":4,\"day\":11,\"hour\":10,\"minute\":3,\"second\":27}",
  "segmentCount": 5,
  "segments": [
    {
      "index": 0,
      "startReg": 0,
      "endReg": 124,
      "length": 125,
      "data": [
        152,
        6979,
        0,
        0,
        3997,
        3991,
        3986,
        50,
        56,
        49,
        61,
        76,
        3,
        3994,
        3991,
        3968,
        5002,
        0,
        36,
        65534,
        65501,
        5002,
        0,
        102,
        75,
        2290,
        1748,
        3580,
        0,
        0,
        320,
        370,
        520,
        0,
        0,
        0,
        330,
        0,
        10000,
        10000,
        10000,
        10000,
        0,
        0,
        0,
        0,
        3355,
        99,
        13,
        0,
        13,
        0,
        34,
        16,
        17,
        23,
        2294,
        2325,
        2296,
        220,
        0,
        0,
        0,
        0,
        0,
        0,
        0,
        34,
        5,
        60201,
        0,
        7595,
        6,
        21433,
        0,
        7147,
        41,
        31,
        0,
        0,
        0,
        5002,
        3,
        6071,
        0,
        606,
        0,
        15230,
        1836,
        3192,
        6,
        36192,
        0,
        7052,
        0,
        38,
        5,
        34758,
        0,
        3083,
        3136,
        3136,
        0,
        0,
        0,
        143,
        0,
        0,
        2,
        0,
        0,
        0,
        0,
        0,
        0,
        0,
        0,
        0,
        0,
        0,
        0,
        0,
        0,
        85,
        135
      ]
    },
    {
      "index": 1,
      "startReg": 125,
      "endReg": 249,
      "length": 125,
      "data": [
        83,
        0,
        0,
        0,
        35,
        0,
        0,
        0,
        0,
        0,
        0,
        0,
        0,
        0,
        0,
        390,
        0,
        0,
        1,
        0,
        0,
        0,
        0,
        0,
        0,
        0,
        0,
        0,
        0,
        0,
        0,
        0,
        0,
        0,
        0,
        0,
        0,
        0,
        0,
        0,
        0,
        0,
        258,
        514,
        1,
        258,
        8221,
        1538,
        3330,
        3436,
        3326,
        1,
        0,
        0,
        0,
        3,
        0,
        0,
        0,
        0,
        512,
        0,
        0,
        0,
        0,
        4,
        0,
        5,
        0,
        0,
        0,
        0,
        0,
        0,
        0,
        0,
        0,
        0,
        0,
        0,
        0,
        0,
        0,
        0,
        0,
        0,
        0,
        0,
        0,
        0,
        0,
        0,
        0,
        0,
        0,
        0,
        0,
        0,
        0,
        0,
        0,
        0,
        0,
        0,
        0,
        0,
        0,
        0,
        0,
        0,
        0,
        0,
        0,
        0,
        0,
        0,
        0,
        0,
        0,
        0,
        0,
        0,
        0,
        0,
        0
      ]
    },
    {
      "index": 2,
      "startReg": 250,
      "endReg": 299,
      "length": 50,
      "data": [
        0,
        0,
        65534,
        1,
        17645,
        1,
        0,
        0,
        0,
        0,
        0,
        0,
        0,
        0,
        0,
        0,
        0,
        0,
        0,
        0,
        21331,
        17232,
        24392,
        22367,
        22065,
        11825,
        11825,
        8224,
        8224,
        8224,
        18512,
        21297,
        12336,
        24370,
        13616,
        19272,
        22111,
        18518,
        13151,
        21334,
        12590,
        12590,
        12337,
        24385,
        20560,
        8224,
        8224,
        8224,
        8224,
        8224
      ]
    },
    {
      "index": 3,
      "startReg": 532,
      "endReg": 549,
      "length": 18,
      "data": [
        0,
        0,
        0,
        0,
        0,
        6660,
        2826,
        795,
        0,
        136,
        296,
        220,
        220,
        0,
        0,
        0,
        0,
        35505
      ]
    },
    {
      "index": 4,
      "startReg": 604,
      "endReg": 640,
      "length": 37,
      "data": [
        0,
        0,
        0,
        0,
        0,
        0,
        0,
        0,
        0,
        0,
        0,
        0,
        0,
        0,
        0,
        0,
        0,
        0,
        0,
        0,
        0,
        0,
        0,
        0,
        0,
        0,
        21331,
        17232,
        24392,
        22367,
        22065,
        11825,
        11825,
        8224,
        8224,
        8224,
        18512
      ]
    }
  ],
  "registerMap": {
    "0": 152,
    "1": 6979,
    "2": 0,
    "3": 0,
    "4": 3997,
    "5": 3991,
    "6": 3986,
    "7": 50,
    "8": 56,
    "9": 49,
    "10": 61,
    "11": 76,
    "12": 3,
    "13": 3994,
    "14": 3991,
    "15": 3968,
    "16": 5002,
    "17": 0,
    "18": 36,
    "19": 65534,
    "20": 65501,
    "21": 5002,
    "22": 0,
    "23": 102,
    "24": 75,
    "25": 2290,
    "26": 1748,
    "27": 3580,
    "28": 0,
    "29": 0,
    "30": 320,
    "31": 370,
    "32": 520,
    "33": 0,
    "34": 0,
    "35": 0,
    "36": 330,
    "37": 0,
    "38": 10000,
    "39": 10000,
    "40": 10000,
    "41": 10000,
    "42": 0,
    "43": 0,
    "44": 0,
    "45": 0,
    "46": 3355,
    "47": 99,
    "48": 13,
    "49": 0,
    "50": 13,
    "51": 0,
    "52": 34,
    "53": 16,
    "54": 17,
    "55": 23,
    "56": 2294,
    "57": 2325,
    "58": 2296,
    "59": 220,
    "60": 0,
    "61": 0,
    "62": 0,
    "63": 0,
    "64": 0,
    "65": 0,
    "66": 0,
    "67": 34,
    "68": 5,
    "69": 60201,
    "70": 0,
    "71": 7595,
    "72": 6,
    "73": 21433,
    "74": 0,
    "75": 7147,
    "76": 41,
    "77": 31,
    "78": 0,
    "79": 0,
    "80": 0,
    "81": 5002,
    "82": 3,
    "83": 6071,
    "84": 0,
    "85": 606,
    "86": 0,
    "87": 15230,
    "88": 1836,
    "89": 3192,
    "90": 6,
    "91": 36192,
    "92": 0,
    "93": 7052,
    "94": 0,
    "95": 38,
    "96": 5,
    "97": 34758,
    "98": 0,
    "99": 3083,
    "100": 3136,
    "101": 3136,
    "102": 0,
    "103": 0,
    "104": 0,
    "105": 143,
    "106": 0,
    "107": 0,
    "108": 2,
    "109": 0,
    "110": 0,
    "111": 0,
    "112": 0,
    "113": 0,
    "114": 0,
    "115": 0,
    "116": 0,
    "117": 0,
    "118": 0,
    "119": 0,
    "120": 0,
    "121": 0,
    "122": 0,
    "123": 85,
    "124": 135,
    "125": 83,
    "126": 0,
    "127": 0,
    "128": 0,
    "129": 35,
    "130": 0,
    "131": 0,
    "132": 0,
    "133": 0,
    "134": 0,
    "135": 0,
    "136": 0,
    "137": 0,
    "138": 0,
    "139": 0,
    "140": 390,
    "141": 0,
    "142": 0,
    "143": 1,
    "144": 0,
    "145": 0,
    "146": 0,
    "147": 0,
    "148": 0,
    "149": 0,
    "150": 0,
    "151": 0,
    "152": 0,
    "153": 0,
    "154": 0,
    "155": 0,
    "156": 0,
    "157": 0,
    "158": 0,
    "159": 0,
    "160": 0,
    "161": 0,
    "162": 0,
    "163": 0,
    "164": 0,
    "165": 0,
    "166": 0,
    "167": 258,
    "168": 514,
    "169": 1,
    "170": 258,
    "171": 8221,
    "172": 1538,
    "173": 3330,
    "174": 3436,
    "175": 3326,
    "176": 1,
    "177": 0,
    "178": 0,
    "179": 0,
    "180": 3,
    "181": 0,
    "182": 0,
    "183": 0,
    "184": 0,
    "185": 512,
    "186": 0,
    "187": 0,
    "188": 0,
    "189": 0,
    "190": 4,
    "191": 0,
    "192": 5,
    "193": 0,
    "194": 0,
    "195": 0,
    "196": 0,
    "197": 0,
    "198": 0,
    "199": 0,
    "200": 0,
    "201": 0,
    "202": 0,
    "203": 0,
    "204": 0,
    "205": 0,
    "206": 0,
    "207": 0,
    "208": 0,
    "209": 0,
    "210": 0,
    "211": 0,
    "212": 0,
    "213": 0,
    "214": 0,
    "215": 0,
    "216": 0,
    "217": 0,
    "218": 0,
    "219": 0,
    "220": 0,
    "221": 0,
    "222": 0,
    "223": 0,
    "224": 0,
    "225": 0,
    "226": 0,
    "227": 0,
    "228": 0,
    "229": 0,
    "230": 0,
    "231": 0,
    "232": 0,
    "233": 0,
    "234": 0,
    "235": 0,
    "236": 0,
    "237": 0,
    "238": 0,
    "239": 0,
    "240": 0,
    "241": 0,
    "242": 0,
    "243": 0,
    "244": 0,
    "245": 0,
    "246": 0,
    "247": 0,
    "248": 0,
    "249": 0,
    "250": 0,
    "251": 0,
    "252": 65534,
    "253": 1,
    "254": 17645,
    "255": 1,
    "256": 0,
    "257": 0,
    "258": 0,
    "259": 0,
    "260": 0,
    "261": 0,
    "262": 0,
    "263": 0,
    "264": 0,
    "265": 0,
    "266": 0,
    "267": 0,
    "268": 0,
    "269": 0,
    "270": 21331,
    "271": 17232,
    "272": 24392,
    "273": 22367,
    "274": 22065,
    "275": 11825,
    "276": 11825,
    "277": 8224,
    "278": 8224,
    "279": 8224,
    "280": 18512,
    "281": 21297,
    "282": 12336,
    "283": 24370,
    "284": 13616,
    "285": 19272,
    "286": 22111,
    "287": 18518,
    "288": 13151,
    "289": 21334,
    "290": 12590,
    "291": 12590,
    "292": 12337,
    "293": 24385,
    "294": 20560,
    "295": 8224,
    "296": 8224,
    "297": 8224,
    "298": 8224,
    "299": 8224,
    "532": 0,
    "533": 0,
    "534": 0,
    "535": 0,
    "536": 0,
    "537": 6660,
    "538": 2826,
    "539": 795,
    "540": 0,
    "541": 136,
    "542": 296,
    "543": 220,
    "544": 220,
    "545": 0,
    "546": 0,
    "547": 0,
    "548": 0,
    "549": 35505,
    "604": 0,
    "605": 0,
    "606": 0,
    "607": 0,
    "608": 0,
    "609": 0,
    "610": 0,
    "611": 0,
    "612": 0,
    "613": 0,
    "614": 0,
    "615": 0,
    "616": 0,
    "617": 0,
    "618": 0,
    "619": 0,
    "620": 0,
    "621": 0,
    "622": 0,
    "623": 0,
    "624": 0,
    "625": 0,
    "626": 0,
    "627": 0,
    "628": 0,
    "629": 0,
    "630": 21331,
    "631": 17232,
    "632": 24392,
    "633": 22367,
    "634": 22065,
    "635": 11825,
    "636": 11825,
    "637": 8224,
    "638": 8224,
    "639": 8224,
    "640": 18512
  }
}